44,35
3,2
3,1
3,3
10,288
10,176
10,292
10,150
10,28
10,212
10,74
39,4
39,3
39,2
10,284
39,1
39,0
38,4
38,3
11,8
11,12
11,22
38,2
38,1
38,0
37,3
37,2
9,2
37,1
37,0
35,3
8,13
8,4
8,12
35,2
8,11
35,1
35,0
31,4
31,3
8,6
8,2
8,3
31,2
31,1
31,0
12,2
12,1
11,27
12,3
11,26
11,25
11,24
11,23
11,21
11,17
11,16
11,15
11,14
11,11
11,10
11,9
11,7
11,6
11,5
11,4
11,3
11,2
11,1
10,305
10,304
10,303
20,2
20,1
10,278
20,3
19,2
19,1
10,275
10,249
19,3
10,219
10,187
10,159
10,152
10,136
10,132
10,115
10,111
10,95
10,90
10,81
10,78
18,1
10,75
18,3
14,1
